-32710.0
-32645.0
-26125.0
-28645.0
-32750.0
-31055.0
-30265.0
-32200.0
-28795.0
-32255.0
-27020.0
-28280.0
-28735.0
-31250.0
-27535.0
-28110.0
-28245.0
-27725.0
-27180.0
-29100.0
-26290.0
-26695.0
-27610.0
-25730.0
-24170.0
-27170.0
-28370.0
-24315.0
-26665.0
-24605.0
-26770.0
-23060.0
-26440.0
-25280.0
-28235.0
-27180.0
-25885.0
-26740.0
-24740.0
-25570.0
-29980.0
-26755.0
-27105.0
-28630.0
-27415.0
-26995.0
-23870.0
-22260.0
-24805.0
-22460.0
-22060.0
-25395.0
-22730.0
-27780.0
-23275.0
-23605.0
-22465.0
-22870.0
-22920.0
-26160.0
-23260.0
-23265.0
-20815.0
-24190.0
-22005.0
-23475.0
-23190.0
-19480.0
-19415.0
-22885.0
-23315.0
-23055.0
-20435.0
-23750.0
-21620.0
-20525.0
-20330.0
-22975.0
-20770.0
-19120.0
-21625.0
-18685.0
-18865.0
-17575.0
-18145.0
-21600.0
-18945.0
-20250.0
-17960.0
-19220.0
-19765.0
-18895.0
-18610.0
-17125.0
-18800.0
-17075.0
-18920.0
-17850.0
-15725.0
-16240.0
-17410.0
-18685.0
-16490.0
-16730.0
-15965.0
-22535.0
-23860.0
-21230.0
-24725.0
-20155.0
-24310.0
-22290.0
-24810.0
-23445.0
-22825.0
-25190.0
-22845.0
-19805.0
-22405.0
-20470.0
-23545.0
-21755.0
-19375.0
-19620.0
-20705.0
-22445.0
-21280.0
-21575.0
-20260.0
-20870.0
-22980.0
-18975.0
-20895.0
-23695.0
-21700.0
-20015.0
-19290.0
-22315.0
-20195.0
-20440.0
-18915.0
-19940.0
-16785.0
-17965.0
-17560.0
-19665.0
-15795.0
-18110.0
-16060.0
-19485.0
-17575.0
-13075.0
-15310.0
-16180.0
-14205.0
-18135.0
-14000.0
-17915.0
-18685.0
-15655.0
-16025.0
-17835.0
-17170.0
-20430.0
-13430.0
-12470.0
-15590.0
-16495.0
-16940.0
-15310.0
-16450.0
-14515.0
-15750.0
-15150.0
-13285.0
-13575.0
-15560.0
-16725.0
-16755.0
-15205.0
-14635.0
-16380.0
-14265.0
-13840.0
-12835.0
-9315.0
-12310.0
-11435.0
-9485.0
-14225.0
-10300.0
-10450.0
-17235.0
-7695.0
-15535.0
-12345.0
-11450.0
-15850.0
-13925.0
-10860.0
-14940.0
-11070.0
-10205.0
-14445.0
-9060.0
-10610.0
-10985.0
-10385.0
-9005.0
-10650.0
-10285.0
-13060.0
-13935.0
-7665.0
-12600.0
-11555.0
-10585.0
-9825.0
-7505.0
-9070.0
-8945.0
-4245.0
-7445.0
-11325.0
-9315.0
-5705.0
-8460.0
-7420.0
-8180.0
-8880.0
-7075.0
-7325.0
-8885.0
-4435.0
-6660.0
-8935.0
-7875.0
-2860.0
-6450.0
-7645.0
-5705.0
-5965.0
-8025.0
-5085.0
-5715.0
-4070.0
-5435.0
-5865.0
-6605.0
-6190.0
-6370.0
